[1m[3m
[38;2;97;103;86mﾚ[38;2;67;114;139mﾋ[38;2;68;117;145mﾃﾚﾚｻ[38;2;70;93;136mﾚ[38;2;65;89;137mｻ[38;2;60;87;138mｻ[38;2;66;72;111mｻ[38;2;123;56;57mｻ[38;2;167;63;36mｻ[38;2;143;50;42mｵ[38;2;103;52;52mﾎ[38;2;84;80;81mｻ[38;2;107;77;68mﾀ[38;2;144;74;50mｵ[38;2;152;65;40mﾙ[38;2;159;80;56mｫ[38;2;149;74;49mｵ[38;2;40;68;91mｻ[38;2;8;106;148mｵ[38;2;11;106;145mﾎ[38;2;3;99;146mｶ[38;2;1;92;144mﾎ[38;2;2;84;143mﾎﾎ[38;2;1;75;139mﾎ[38;2;1;70;139mﾎﾎ[38;2;1;62;134mﾎ[38;2;2;58;127mﾎ[38;2;3;54;119mﾎ[38;2;5;52;112mﾎ[38;2;8;46;101mﾎ[38;2;11;43;95mﾎ[38;2;16;43;93mﾎﾎﾎﾎ
[38;2;138;124;82m｢[38;2;76;110;116mｻ[38;2;58;122;151mﾚ[38;2;60;122;153mﾚﾚﾚ[38;2;73;109;137mｻ[38;2;71;97;129mﾚ[38;2;64;90;129mｻ[38;2;55;77;121mｻ[38;2;53;75;123mｻ[38;2;68;56;89mｵ[38;2;125;62;58mｱ[38;2;139;73;62mﾛ[38;2;159;61;45mｻ[38;2;150;53;36mﾎ[38;2;144;43;34mﾎ[38;2;163;21;30mﾙ[38;2;190;48;28mｵ[38;2;176;64;24mﾎ[38;2;148;28;32mﾎ[38;2;123;44;49mｵ[38;2;138;55;34mﾎ[38;2;167;71;35mｻ[38;2;173;47;34mｻ[38;2;123;25;42mﾎ[38;2;45;64;95mｻ[38;2;22;82;126mﾙ[38;2;2;78;135mﾎ[38;2;3;75;136mﾎﾎ[38;2;1;65;130mﾎ[38;2;10;60;108mﾎ[38;2;34;50;74mｶ[38;2;51;35;57mｶ[38;2;58;38;56mﾎ[38;2;27;39;74mﾙ[38;2;10;43;92mﾎ[38;2;11;41;90mﾎﾎ
[38;2;147;119;74mﾍ[38;2;112;94;74mﾑ[38;2;79;98;102mﾋ[38;2;73;111;126mﾅ[38;2;67;123;141mﾚ[38;2;67;102;123m｣[38;2;67;72;89mﾙ[38;2;66;116;141mﾚ[38;2;69;91;115m｣[38;2;75;60;84mｵ[38;2;113;45;58mｻ[38;2;110;31;39mﾎ[38;2;112;85;88mﾋ[38;2;135;70;61mｦ[38;2;114;57;56mﾛ[38;2;125;98;91mﾞ[38;2;148;82;59mｵ[38;2;153;45;32mﾎ[38;2;144;44;36mﾎ[38;2;145;53;46mｻ[38;2;159;56;41mｻ[38;2;165;64;41mｻ[38;2;151;66;45mｻ[38;2;112;28;31mﾎ[38;2;136;29;30mﾙ[38;2;160;31;33mｵ[38;2;144;45;48mﾎ[38;2;138;45;46mｵ[38;2;124;56;61mｵ[38;2;67;60;81mﾈ[38;2;42;61;89mｻ[38;2;59;64;62mｦ[38;2;91;62;33mｻ[38;2;124;47;31mﾓ[38;2;146;43;27mｵ[38;2;167;34;33mｵ[38;2;180;34;30mﾛ[38;2;152;32;37mﾛ[38;2;96;28;47mｻ[38;2;35;54;56mｵ
[38;2;134;67;45mｻ[38;2;124;58;48mﾎ[38;2;118;53;52mﾎ[38;2;116;47;48mﾎ[38;2;120;45;49mｵ[38;2;121;39;45mｵ[38;2;122;37;44mｵ[38;2;130;41;49mﾎﾎﾎ[38;2;104;32;38mﾎ[38;2;97;31;37mﾎ[38;2;111;43;46mﾎ[38;2;114;42;49mｻﾎ[38;2;101;33;39mﾎ[38;2;118;60;63mﾎ[38;2;125;60;57mﾛ[38;2;110;69;71mｶ[38;2;112;68;71mｫ[38;2;109;64;66mﾎ[38;2;134;63;55mｻ[38;2;143;83;67mﾐ[38;2;135;51;51mｻ[38;2;153;58;56mﾎ[38;2;149;67;66mﾋ[38;2;144;70;71mﾝ[38;2;145;48;51mﾛ[38;2;136;43;47mｻ[38;2;130;40;45mｻﾎ[38;2;133;56;57mﾙ[38;2;123;77;79mﾑ[38;2;111;89;79m｢[38;2;114;85;40mﾓ[38;2;153;34;24mｻ[38;2;170;17;30mﾎ[38;2;160;29;27mﾎ[38;2;117;58;31mﾎ[38;2;137;118;58mﾋ
[38;2;157;128;66mｪ[38;2;129;117;81mｰ[38;2;123;109;82mｬ[38;2;119;95;74mﾚ[38;2;115;79;68mﾑ[38;2;108;69;63mﾑ[38;2;102;66;66mﾑ[38;2;98;58;62mｵ[38;2;102;50;59mﾎ[38;2;103;47;55mﾎ[38;2;99;40;48mｵ[38;2;112;34;37mﾛ[38;2;115;33;39mﾎｻ[38;2;129;38;45mｻ[38;2;122;37;42mｵ[38;2;116;33;40mﾎﾎ[38;2;120;51;47mｻ[38;2;124;41;41mﾎ[38;2;126;40;42mﾎﾎ[38;2;119;34;36mﾎﾎ[38;2;137;44;46mﾛ[38;2;150;51;52mｵ[38;2;157;63;60mﾎ[38;2;151;57;56mｻ[38;2;137;51;55mｻ[38;2;136;41;47mﾎ[38;2;135;41;46mﾓﾎﾎ[38;2;128;72;70mﾙ [38;2;127;117;54mｻ[38;2;105;79;30mｻ[38;2;157;68;33mﾎ[38;2;180;48;31mﾎ[38;2;190;38;33mﾎ
[38;2;125;58;51mﾎ[38;2;110;65;61mﾎ[38;2;106;72;63mﾑ[38;2;121;82;59mﾑ[38;2;137;98;55mﾑ[38;2;134;103;54mﾑ[38;2;113;99;52mﾑ[38;2;124;81;65mﾎ[38;2;133;57;58mﾎ[38;2;124;39;45mﾎ[38;2;103;34;38mﾎ[38;2;111;35;41mﾎ[38;2;126;39;45mﾙﾎﾇｻ[38;2;133;74;66m｢[38;2;120;82;66mｵ[38;2;80;50;50mｻ[38;2;50;41;36mﾎ[38;2;61;58;47mﾎ[38;2;80;48;43mﾎ[38;2;108;53;52mｱ[38;2;130;82;76m｢[38;2;136;97;86mﾞﾟ[38;2;140;66;58mｫ[38;2;138;49;51mﾎ[38;2;145;48;50mﾎ[38;2;158;62;60mﾙ[38;2;152;67;65mﾋ[38;2;150;53;54mｻ[38;2;128;36;42mﾎ[38;2;125;39;43mﾎ[38;2;129;76;72mﾎ [38;2;132;123;48mﾀ[38;2;124;48;24mﾎ[38;2;161;50;26mﾙ[38;2;165;49;31mﾎ
[38;2;127;103;84m｢[38;2;134;97;65m｢[38;2;112;62;46mｦ[38;2;112;38;38mﾎ[38;2;114;33;38mｵ[38;2;88;29;34mﾎ[38;2;60;21;25mﾎ[38;2;131;62;63mﾛ[38;2;158;55;57mｻ[38;2;140;47;48mｻ[38;2;62;22;28mﾎ[38;2;115;51;48mﾋ[38;2;141;66;61mｻ[38;2;146;77;66mｻ[38;2;146;80;70m｣[38;2;140;89;76m｢ [38;2;80;104;88m｣[38;2;22;97;73mﾈ[38;2;10;68;56mﾎ[38;2;15;62;54mﾎ[38;2;42;82;74mｷ[38;2;42;54;53mｻ[38;2;114;91;77mﾋ[38;2;128;60;55mﾎ[38;2;129;39;42mﾎ[38;2;133;40;46mﾎ[38;2;136;42;46mﾎﾎ[38;2;142;47;49mﾙｵ[38;2;142;48;54mﾎ[38;2;155;62;61mｻ[38;2;122;35;42mﾎ[38;2;129;42;45mﾇ[38;2;129;72;70mﾙ[38;2;76;77;61mﾑ[38;2;39;46;48mﾎ[38;2;41;49;58mﾙ[38;2;26;65;94mﾎ
[38;2;122;35;37mﾎ[38;2;118;33;39mﾎ[38;2;114;31;40mﾎ[38;2;107;30;37mﾎ[38;2;98;27;35mﾎ[38;2;70;22;26mﾎ[38;2;68;22;24mﾎ[38;2;80;25;29mﾎ[38;2;136;43;46mﾎ[38;2;153;55;55mｻ[38;2;79;24;31mﾎ[38;2;84;32;36mﾎ[38;2;84;43;40mﾎ    [38;2;84;102;76m｢[38;2;54;125;80mﾏ[38;2;37;116;78mﾇ[38;2;60;89;76m｢[38;2;113;116;108mﾟ[38;2;120;99;87m｣[38;2;132;58;53mｵ[38;2;134;41;45mﾎ[38;2;134;42;44mﾎﾎ[38;2;122;37;40mﾎ[38;2;131;50;50mｻ[38;2;130;45;47mｻ[38;2;150;50;53mﾛ[38;2;158;58;57mﾀ[38;2;111;36;39mｵ[38;2;137;49;52mｻ[38;2;139;76;76mﾞﾎ[38;2;60;62;77mｵ[38;2;19;76;116mｻ[38;2;2;81;129mﾎ[38;2;0;75;126mﾎ
[38;2;115;33;38mﾎ[38;2;103;36;32mﾎ[38;2;123;83;41mｱ[38;2;154;129;31mｽ[38;2;156;134;25m｢[38;2;129;115;27mﾛ[38;2;81;73;31mﾙ[38;2;141;130;46mﾒ[38;2;129;90;38mｻ[38;2;125;39;44mﾎ[38;2;129;43;48mｵ[38;2;69;21;27mﾎ[38;2;77;35;32mﾇ            [38;2;124;95;81mﾆ[38;2;97;87;75m｣[38;2;123;103;88m｣[38;2;136;54;51mﾎ[38;2;142;46;49mﾛ[38;2;129;49;46mｵ[38;2;120;50;47mｵ[38;2;106;34;38mﾎ[38;2;151;68;66mﾋ[38;2;132;77;76m｣[38;2;144;82;80m｢[38;2;159;78;41mｻ[38;2;135;66;59mﾕ[38;2;90;29;45mﾎ[38;2;22;57;94mﾙ
[38;2;94;35;31mｻ[38;2;126;88;30mﾎ[38;2;134;96;25mｶ[38;2;156;117;31mｵ[38;2;169;155;51mﾚ[38;2;146;137;67m｣[38;2;118;107;32mﾛ[38;2;157;141;36mﾎ[38;2;128;90;63m｢[38;2;98;53;59mﾛ[38;2;120;31;40mﾎ[38;2;115;47;44mﾙ[38;2;153;92;79m｢          [38;2;90;116;93m｣[38;2;31;95;76mﾎ[38;2;14;53;47mﾎ[38;2;38;75;69mｱ[38;2;39;52;51mｻ[38;2;112;61;55mﾛ[38;2;140;71;64mﾊ[38;2;125;45;43mｵ[38;2;124;40;43mｻ[38;2;154;65;62mﾃ[38;2;134;88;83m｣[38;2;131;53;52mﾛ[38;2;138;88;77m｣[38;2;162;65;24mﾙ[38;2;174;95;59m｣ｻ[38;2;48;37;59mﾎ
[38;2;123;88;26mｻ[38;2;127;68;34mｻ[38;2;132;48;38mﾎ[38;2;122;36;40mﾎ[38;2;120;37;37mﾎ[38;2;112;45;32mﾎ[38;2;138;90;33mﾙ[38;2;134;104;57mﾑ[38;2;135;95;83mﾆ[38;2;115;50;55mﾎ[38;2;122;38;45mﾛ[38;2;116;35;42mﾎ[38;2;141;89;79mﾚ[38;2;147;84;69mﾅ  [38;2;140;109;98m･ [38;2;151;85;84mﾏ    [38;2;73;117;80m｢[38;2;69;112;85m｢[38;2;89;94;81m｢[38;2;104;79;74mｨ[38;2;102;52;48mﾙ[38;2;134;55;51mﾎ[38;2;132;41;43mﾎ[38;2;141;57;56mﾓ[38;2;135;83;80m｢[38;2;77;79;84mｫ[38;2;106;37;39mﾙ[38;2;124;55;54mｵ[38;2;37;56;74mﾎ[38;2;43;71;91mﾙ[38;2;33;90;109mﾎ[38;2;51;60;64mﾎ[38;2;103;46;43mﾎ
[38;2;128;111;80m｢[38;2;136;114;66mｱ[38;2;136;89;30mﾎ[38;2;107;82;26mﾎ[38;2;120;75;50mﾛ[38;2;136;71;62mｦ[38;2;131;60;58mｻ[38;2;130;57;56mｻ[38;2;144;68;63mｻｻﾓ[38;2;129;38;40mﾎ[38;2;148;74;76mﾚ[38;2;130;84;77m｣[38;2;119;69;60mｫ        [38;2;142;98;84m｣[38;2;128;60;54mﾎ[38;2;123;44;45mｻ[38;2;119;50;52mﾎﾎ[38;2;133;50;51mｻ[38;2;125;80;79mﾂ[38;2;71;103;114mｫ[38;2;22;136;169mﾎ[38;2;49;82;99mﾎ[38;2;104;39;43mﾎ[38;2;132;42;44mﾎ[38;2;115;35;38mｻ[38;2;45;52;72mﾎ[38;2;11;124;164mﾎ[38;2;17;116;150mﾎ[38;2;27;104;130mｻ
[38;2;155;35;38mﾙ[38;2;115;76;68mﾑ[38;2;122;106;44mｻ[38;2;140;106;55mｦ[38;2;131;66;48mﾙ[38;2;144;82;70mﾋ[38;2;149;97;80mﾚ   [38;2;126;61;55mﾎ[38;2;129;72;73mﾏ[38;2;175;23;30mﾎ[38;2;187;27;30mｻ[38;2;142;56;58mﾙ[38;2;103;60;58mﾑ[38;2;96;22;27mﾎ[38;2;99;46;37mｶ[38;2;116;57;54mﾎ[38;2;106;63;59mｫ[38;2;111;70;64mｫｫ[38;2;103;31;40mﾎ[38;2;87;34;39mﾇﾛﾎ[38;2;91;75;78m｢[38;2;141;48;53mｵ[38;2;138;56;56mﾙ[38;2;70;127;133mﾚ[38;2;74;117;102mｻ[38;2;97;75;65mﾀ[38;2;78;65;72mｶ[38;2;72;49;53mｻ[38;2;115;48;46mﾙ[38;2;135;40;42mﾎﾙ[38;2;135;88;64mﾗ[38;2;146;104;62mﾚ
[38;2;210;40;21mｻ[38;2;193;47;26mﾎ[38;2;141;59;57mﾙ[38;2;115;99;102m｣[38;2;77;26;28mﾎ[38;2;104;50;46mﾙ     [38;2;142;79;71mｻ[38;2;165;43;43mﾃ[38;2;160;34;35mｻ[38;2;143;47;46mﾁｻ[38;2;188;31;31mｻ[38;2;122;45;34mﾎ[38;2;124;42;40mﾎ[38;2;117;68;33mｻﾛ[38;2;140;30;33mﾎ[38;2;146;67;60mｬ[38;2;133;50;50mﾎ[38;2;133;39;43mｵ[38;2;107;79;77mﾙ[38;2;109;86;81m｣[38;2;181;33;30mﾛ[38;2;118;101;82mﾆ[38;2;139;90;63mﾚ[38;2;173;49;34mﾎ[38;2;161;73;49mｻ[38;2;128;114;75m｢[38;2;147;79;50mｵ[38;2;128;69;54mﾙ[38;2;137;87;64mｦ[38;2;152;56;54mﾛ[38;2;149;84;61mﾙ [38;2;149;107;63mﾗ
[38;2;194;22;18mﾎ[38;2;208;35;23mﾎ[38;2;142;26;24mﾎ[38;2;88;26;30mﾎ[38;2;81;25;28mﾎ[38;2;71;27;27mﾎ [38;2;116;95;94m･[38;2;103;78;73m｣[38;2;130;92;83mｨｵ[38;2;103;79;78mﾋ[38;2;124;67;66mｾ[38;2;169;46;42mﾇ[38;2;96;64;55mｵ[38;2;109;94;63mﾙ[38;2;149;53;39mﾇ[38;2;140;85;59mﾒ[38;2;135;59;54mﾎ[38;2;103;73;30mﾙ[38;2;143;121;59mﾚ[38;2;123;37;39mﾎ[38;2;138;29;31mｵ[38;2;185;30;29mﾎ[38;2;157;26;28mﾎ[38;2;174;37;36mﾎ[38;2;197;31;30mｻ[38;2;202;33;31mｻｻ[38;2;181;45;34mﾙ[38;2;177;78;47mﾑ[38;2;170;57;38mﾎ｢[38;2;166;133;73mﾞ[38;2;159;130;68m｢[38;2;150;100;60mﾙ[38;2;136;115;67mｺ[38;2;121;46;45mﾎ[38;2;151;101;80mﾋ[38;2;73;95;89mﾎ
[38;2;156;16;29mﾎ[38;2;132;25;27mﾎ[38;2;92;27;32mﾎ[38;2;78;26;28mﾎ[38;2;66;24;29mﾎ[38;2;59;30;33mﾎ[38;2;73;44;50mﾎ[38;2;84;31;40mﾎ[38;2;105;35;42mﾎ[38;2;140;30;39mｵ[38;2;140;26;36mﾎ[38;2;154;23;26mﾎ[38;2;168;29;23mｻ[38;2;138;42;37mﾙ[38;2;90;77;75mﾑ[38;2;117;93;87mﾆ[38;2;139;115;64mﾗ[38;2;128;107;57mﾋ[38;2;145;102;61mﾇ[38;2;131;61;46mﾛ[38;2;117;67;35mﾎ[38;2;141;109;60mﾉ[38;2;145;60;56mｻ[38;2;174;17;28mﾙ[38;2;199;30;31mｻ[38;2;196;25;32mﾎ[38;2;187;24;30mﾙｵ[38;2;200;33;31mﾎ[38;2;197;34;30mｻ[38;2;172;48;35mﾎ[38;2;170;79;55mｯ[38;2;165;84;57mｫ[38;2;169;107;55mｫ[38;2;154;138;73mｪ [38;2;142;94;63mｾ[38;2;95;61;43mﾁ[38;2;143;115;75m｢[38;2;135;96;82mﾆ
